4538
3143307
8566
8098
6963
4131
11747
9255
4138
24074
14566
14300
14592
14576
4145
10544
7066
13474
10347
15193
23547
4171
9226
7162
22840
10696
4137
12855
9206
17693
18021
10849
16760
23249
18734
9579
4123
18096
23251
1863627
17788
10288900
5143249
19568
4859006
3640891
6961
5158600
7223841
8629
5815
2616
18413
18303
18294
14743
1040
9194
8748
17960
4155
8546
18347
4172
17453
1174981
6197384
8750
10674
12124
6197410
18820
8402
9609
6196002
9635
6964
6553
4612200
13422202
5137258
4852816
9218
4115
4139
4111
6203002
8458
10782
